inputHorm1DiffCoeff = 100.58823529411765
horm1Efficacy = 9.107058823529412
horm1DivOrientVertComp = 0.8274509803921568
horm1DivOrientHoriComp = 0.4117647058823529

horm1toHorm2Ratio = 0.7194117647058824
horm2Efficacy = 1.3811764705882354
hormone2IntroTime = 0.2694729411764706
horm2SourceHor = 0.05882352941176472
horm2SourceVer = -0.2784313725490196
horm2DivOrientVertComp = -0.9294117647058824
horm2DivOrientHoriComp = 0.3019607843137255

RDfeedRate = 48.588235294117645
RDfeedToKillRatio= 0.9521176470588235
reactRate1to2 = 6611.764705882353
lengthOfHorm2Prod = 0.8696078431372549
