alpha = 0.7666666666666666
beta = 0.3333333333333333
gamma = 0
