inputHorm1DiffCoeff = 141.76470588235293
horm1Efficacy = 3.7494117647058824
horm1DivOrientVertComp = 0.10588235294117654
horm1DivOrientHoriComp = 0.1843137254901961

horm1toHorm2Ratio = 0.9061176470588235
horm2Efficacy = 1.4588235294117649
hormone2IntroTime = 0.06869882352941177
horm2SourceHor = 0.1215686274509804
horm2SourceVer = 0.803921568627451
horm2DivOrientVertComp = -0.7176470588235293
horm2DivOrientHoriComp = 0.9450980392156862

RDfeedRate = 16.901960784313726
RDfeedToKillRatio= 0.6950588235294117
reactRate1to2 = 6894.117647058823
lengthOfHorm2Prod = 0.8845098039215686
