inputHorm1DiffCoeff = 127.64705882352942
horm1Efficacy = 0.5270588235294118
horm1DivOrientVertComp = 0.6784313725490196
horm1DivOrientHoriComp = -0.6705882352941177

horm1toHorm2Ratio = 0.4704705882352941
horm2Efficacy = 4.176470588235294
hormone2IntroTime = 0.13327529411764705
horm2SourceHor = -0.8196078431372549
horm2SourceVer = -0.10588235294117654
horm2DivOrientVertComp = -0.0039215686274509665
horm2DivOrientHoriComp = -0.13725490196078427

RDfeedRate = 32.74509803921569
RDfeedToKillRatio= 0.7329411764705882
reactRate1to2 = 5435.2941176470595
lengthOfHorm2Prod = 0.9925490196078431
