inputHorm1DiffCoeff = 143.52941176470588
horm1Efficacy = 5.302352941176471
horm1DivOrientVertComp = -0.17647058823529416
horm1DivOrientHoriComp = -0.6941176470588235
horm1toHorm2Ratio = 0.7978823529411765
horm2Efficacy = 2.118823529411765
hormone2IntroTime = 0.005296470588235294
horm2SourceHor = 0.7254901960784315
horm2SourceVer = 0.8823529411764706
horm2DivOrientVertComp = -0.019607843137254832
horm2DivOrientHoriComp = 0.3176470588235294
RDfeedRate = 27.098039215686274
RDfeedToKillRatio= 0.868235294117647
reactRate1to2 = 5894.117647058823
lengthOfHorm2Prod = 0.40019607843137256
