inputHorm1DiffCoeff = 229.41176470588235
horm1Efficacy = 0.5658823529411765
horm1DivOrientVertComp = 0.4666666666666667
horm1DivOrientHoriComp = -0.22352941176470598
horm1toHorm2Ratio = 0.8384705882352941
horm2Efficacy = 3.5164705882352942
hormone2IntroTime = 0.17906588235294116
horm2SourceHor = 0.050980392156862786
horm2SourceVer = -0.3568627450980393
horm2DivOrientVertComp = 0.6862745098039216
horm2DivOrientHoriComp = -0.17647058823529416
RDfeedRate = 32.588235294117645
RDfeedToKillRatio= 0.835764705882353
reactRate1to2 = 4505.882352941177
lengthOfHorm2Prod = 0.1766666666666667
