inputHorm1DiffCoeff = 236.47058823529412
horm1Efficacy = 1.5364705882352943
horm1DivOrientVertComp = -0.5058823529411764
horm1DivOrientHoriComp = -0.8117647058823529
horm1toHorm2Ratio = 0.4298823529411765
horm2Efficacy = 7.592941176470588
hormone2IntroTime = 0.03934588235294118
horm2SourceHor = 0.06666666666666665
horm2SourceVer = 0.8745098039215686
horm2DivOrientVertComp = 0.06666666666666665
horm2DivOrientHoriComp = 0.8901960784313725
RDfeedRate = 14.07843137254902
RDfeedToKillRatio= 0.45423529411764707
reactRate1to2 = 6988.235294117647
lengthOfHorm2Prod = 0.1207843137254902
