inputHorm1DiffCoeff = 213.52941176470588
horm1Efficacy = 8.60235294117647
horm1DivOrientVertComp = 0.2705882352941177
horm1DivOrientHoriComp = 0.9764705882352941

horm1toHorm2Ratio = 0.3811764705882353
horm2Efficacy = 7.554117647058824
hormone2IntroTime = 0.05578352941176471
horm2SourceHor = -0.9607843137254902
horm2SourceVer = 0.22352941176470598
horm2DivOrientVertComp = 0.6784313725490196
horm2DivOrientHoriComp = 0.24705882352941178

RDfeedRate = 29.764705882352942
RDfeedToKillRatio= 0.9764705882352942
reactRate1to2 = 6611.764705882353
lengthOfHorm2Prod = 0.6907843137254902
