inputHorm1DiffCoeff = 102.94117647058823
horm1Efficacy = 1.6529411764705884
horm1DivOrientVertComp = 0.4666666666666667
horm1DivOrientHoriComp = -0.7882352941176469

horm1toHorm2Ratio = 0.7329411764705882
horm2Efficacy = 9.41764705882353
hormone2IntroTime = 0.15910588235294118
horm2SourceHor = 0.39607843137254894
horm2SourceVer = 0.8745098039215686
horm2DivOrientVertComp = 0.6784313725490196
horm2DivOrientHoriComp = 0.33333333333333337

RDfeedRate = 11.411764705882353
RDfeedToKillRatio= 0.6734117647058824
reactRate1to2 = 5423.529411764706
lengthOfHorm2Prod = 0.9701960784313726
