inputHorm1DiffCoeff = 208.8235294117647
horm1Efficacy = 4.642352941176471
horm1DivOrientVertComp = 0.6862745098039216
horm1DivOrientHoriComp = 0.5686274509803921

horm1toHorm2Ratio = 0.776235294117647
horm2Efficacy = 8.447058823529412
hormone2IntroTime = 0.24364235294117645
horm2SourceHor = 0.09019607843137245
horm2SourceVer = -0.019607843137254943
horm2DivOrientVertComp = -0.7960784313725491
horm2DivOrientHoriComp = 0.4509803921568627

RDfeedRate = 29.92156862745098
RDfeedToKillRatio= 0.41364705882352937
reactRate1to2 = 4411.764705882353
lengthOfHorm2Prod = 0.05372549019607843
