inputHorm1DiffCoeff = 195.88235294117646
horm1Efficacy = 6.544705882352941
horm1DivOrientVertComp = -0.9450980392156862
horm1DivOrientHoriComp = 0.4901960784313726
horm1toHorm2Ratio = 0.9304705882352942
horm2Efficacy = 4.603529411764706
hormone2IntroTime = 0.12740470588235292
horm2SourceHor = 0.7411764705882353
horm2SourceVer = 0.9843137254901961
horm2DivOrientVertComp = 0.050980392156862786
horm2DivOrientHoriComp = -0.968627450980392
RDfeedRate = 20.666666666666664
RDfeedToKillRatio= 0.42717647058823527
reactRate1to2 = 6129.411764705883
lengthOfHorm2Prod = 0.7801960784313726
