inputHorm1DiffCoeff = 232.94117647058823
horm1Efficacy = 6.738823529411765
horm1DivOrientVertComp = -0.4509803921568627
horm1DivOrientHoriComp = 0.8352941176470589
horm1toHorm2Ratio = 0.39741176470588235
horm2Efficacy = 2.8176470588235296
hormone2IntroTime = 0.04286823529411765
horm2SourceHor = 0.8509803921568628
horm2SourceVer = -0.207843137254902
horm2DivOrientVertComp = 0.9764705882352941
horm2DivOrientHoriComp = 0.43529411764705883
RDfeedRate = 23.333333333333336
RDfeedToKillRatio= 0.8465882352941176
reactRate1to2 = 6305.882352941177
lengthOfHorm2Prod = 0.6125490196078431
